Webots Project File version R2023a
perspectives: 000000ff00000000fd00000002000000010000011c00000394fc0200000001fb0000001400540065007800740045006400690074006f00720100000013000003940000008900ffffff000000030000078000000039fc0100000001fb0000001a0043006f006e0073006f006c00650041006c006c0041006c006c0100000000000007800000006900ffffff000006620000039400000001000000020000000100000008fc00000000
simulationViewPerspectives: 000000ff000000010000000200000187000004d90100000002010000000101
sceneTreePerspectives: 000000ff00000001000000030000001c000001d8000001600100000002010000000201
minimizedPerspectives: 000000ff00000000fd00000002000000010000011c0000023dfc0200000001fb0000001400540065007800740045006400690074006f007200000000160000023d0000008900ffffff00000003000005a0000000d9fc0100000001fb0000001a0043006f006e0073006f006c00650041006c006c0041006c006c0100000000000005a00000006900ffffff000005a00000023d00000001000000020000000100000008fc00000000
maximizedDockId: -1
centralWidgetVisible: 1
orthographicViewHeight: 1
textFiles: 4 "protos/drone_modified.proto" "controllers/mavic2pro_patrol/mavic2pro_patrol.py" "controllers/emitter/beacon_controller.py" "../../../../../../usr/local/webots/projects/default/controllers/ros/Ros.cpp" "controllers/mavic2pro_emitter/mavic2pro_emitter.c"
globalOptionalRendering: ContactPoints::DistanceSensorRays
consoles: Console:All:All
renderingDevicePerspectives: Mavic_2_PRO:camera;1;0.675;0.696129;0.036149
