Webots Project File version R2023a
perspectives: 000000ff00000000fd00000002000000010000013e00000259fc0200000001fb0000001400540065007800740045006400690074006f00720100000016000002590000008900ffffff00000003000005a0000000bdfc0100000001fb0000001a0043006f006e0073006f006c00650041006c006c0041006c006c0100000000000005a00000006900ffffff000004600000025900000001000000020000000100000008fc00000000
simulationViewPerspectives: 000000ff000000010000000200000168000004360100000002010000000101
sceneTreePerspectives: 000000ff00000001000000030000001c00000036000000fa0100000002010000000201
minimizedPerspectives: 000000ff00000000fd00000002000000010000011c0000023dfc0200000001fb0000001400540065007800740045006400690074006f007200000000160000023d0000008900ffffff00000003000005a0000000d9fc0100000001fb0000001a0043006f006e0073006f006c00650041006c006c0041006c006c0100000000000005a00000006900ffffff000005a00000023d00000001000000020000000100000008fc00000000
maximizedDockId: -1
centralWidgetVisible: 1
orthographicViewHeight: 1
textFiles: 0 "protos/drone_modified.proto"
globalOptionalRendering: ContactPoints::DistanceSensorRays
consoles: Console:All:All
renderingDevicePerspectives: Mavic 2 PRO:camera;1;1;0;0
renderingDevicePerspectives: e-puck:camera;1;2.55221;0.508689;0.696
